iter_20 = [ 8.13852163E8 8.08664542E8 9.49396247E8 8.11112151E8 8.48915748E8 8.55302982E8 7.67699066E8 9.51475594E8 8.78428814E8 9.9181975E8 ]
iter_25 = [ 9.09213067E8 9.01888368E8 8.80346549E8 8.81725431E8 8.3941815E8 8.92082918E8 8.38795612E8 7.35481754E8 1.006687961E9 9.67861573E8 ]
iter_30 = [ 9.59352254E8 8.50376314E8 8.19986181E8 9.81310551E8 8.65905034E8 8.90678483E8 9.42069219E8 8.00118059E8 9.36336965E8 8.68137612E8 ]
iter_40 = [ 8.94620441E8 9.596599E8 9.34934118E8 8.86411417E8 9.48678906E8 9.92387022E8 1.028163315E9 9.75203798E8 8.89587453E8 9.23664915E8 ]
iter_50 = [ 1.103636269E9 1.00157838E9 9.88062953E8 9.99249177E8 9.68447668E8 9.09325236E8 9.40939119E8 1.003764589E9 9.37525001E8 8.97032231E8 ]
