iter_100 = [ 1.024859613E9 1.001762463E9 9.99384237E8 1.233614662E9 1.019425695E9 1.078996115E9 1.353065042E9 1.311495537E9 1.307910641E9 1.069632649E9 ]
iter_150 = [ 1.193953678E9 1.268212774E9 1.158601731E9 1.407406453E9 1.332564935E9 1.350095769E9 1.254336553E9 1.124536474E9 1.228594763E9 9.78000505E8 ]
